#BD-10
#(M,	P_glob=0.034
#D, T, iceline
#
0.275	285.478	65.5
0.276	285.4804	65.5
0.277	285.4827	65.5
0.278	285.4851	65.5
0.279	285.4874	65.5
0.28	285.4898	65.5
0.281	285.4921	65.5
0.282	285.4944	65.5
0.283	285.4967	65.5
0.284	285.6712	66.5
0.285	285.6734	66.5
0.286	285.6756	66.5
0.287	285.6778	66.5
0.288	285.68	66.5
0.289	285.6822	66.5
0.29	285.6843	66.5
0.291	285.6865	66.5
0.292	285.6886	66.5
0.293	285.6908	66.5
0.294	285.6929	66.5
0.295	285.695	66.5
0.296	285.6972	66.5
0.297	285.6993	66.5
0.298	285.8636	67.5
0.299	285.8656	67.5
0.3	285.8677	67.5
0.301	285.8697	67.5
0.302	285.8717	67.5
0.303	285.8736	67.5
0.304	286.0288	68.5
0.305	286.0307	68.5
0.306	286.0326	68.5
0.307	286.0345	68.5
0.308	286.0364	68.5
0.309	286.1827	69.5
0.31	286.1845	69.5
0.311	286.1863	69.5
0.312	286.1881	69.5
0.313	286.1899	69.5
0.314	286.3275	70.5
0.315	286.3292	70.5
0.316	286.3309	70.5
0.317	286.3326	70.5
0.318	286.4619	71.5
0.319	286.4635	71.5
0.32	286.4652	71.5
0.321	286.5863	72.5
0.322	286.5879	72.5
0.323	286.7012	73.5
0.324	286.7027	73.5
0.325	286.8084	74.5
0.326	286.9066	75.5
0.327	287.5791	89.5
0.328	287.5803	89.5
0.329	287.5815	89.5
0.33	287.5827	89.5
0.331	287.5838	89.5
0.332	287.585	89.5
0.333	287.5862	89.5
0.334	287.5873	89.5
0.335	287.5885	89.5
0.336	287.5896	89.5
0.337	287.5908	89.5
0.338	287.5919	89.5
0.339	287.5931	89.5
0.34	287.5942	89.5

