#B-2
#(M,	P_glob=0.034
#D, T, iceline
#
0.655	285.8021	64.5
0.656	285.8028	64.5
0.657	285.8035	64.5
0.658	285.8042	64.5
0.659	285.8049	64.5
0.66	285.8056	64.5
0.661	285.8063	64.5
0.662	285.9732	65.5
0.663	285.9739	65.5
0.664	285.9746	65.5
0.665	285.9752	65.5
0.666	285.9759	65.5
0.667	285.9765	65.5
0.668	285.9772	65.5
0.669	286.1354	66.5
0.67	286.136	66.5
0.671	286.1367	66.5
0.672	286.1373	66.5
0.673	286.1379	66.5
0.674	286.1386	66.5
0.675	286.2883	67.5
0.676	286.2889	67.5
0.677	286.2895	67.5
0.678	286.2901	67.5
0.679	286.2907	67.5
0.68	286.2913	67.5
0.681	286.4328	68.5
0.682	286.4333	68.5
0.683	286.4339	68.5
0.684	286.4345	68.5
0.685	286.568	69.5
0.686	286.5685	69.5
0.687	286.5691	69.5
0.688	286.5696	69.5
0.689	286.6953	70.5
0.69	286.6959	70.5
0.691	286.6964	70.5
0.692	286.8145	71.5
0.693	286.815	71.5
0.694	286.9258	72.5
0.695	286.9263	72.5
0.696	287.8356	89.5
0.697	287.836	89.5
0.698	287.8364	89.5
0.699	287.8368	89.5
0.7	287.8372	89.5
