#LMsD-10
#(M,	P_glob=0.034
#D, T, iceline
#
0.377	285.5934	62.5
0.378	285.8495	63.5
0.379	285.8495	63.5
0.38	285.8495	63.5
0.381	285.8495	63.5
0.382	285.8495	63.5
0.383	285.8495	63.5
0.384	285.8495	63.5
0.385	286.0932	64.5
0.386	286.0932	64.5
0.387	286.0932	64.5
0.388	286.0932	64.5
0.389	286.0932	64.5
0.39	286.0932	64.5
0.391	286.0932	64.5
0.392	286.3249	65.5
0.393	286.3249	65.5
0.394	286.3249	65.5
0.395	286.3249	65.5
0.396	286.325	65.5
0.397	286.325	65.5
0.398	286.325	65.5
0.399	286.5449	66.5
0.4	286.5449	66.5
0.401	286.5449	66.5
0.402	286.5449	66.5
0.403	286.5449	66.5
0.404	286.7533	67.5
0.405	286.7533	67.5
0.406	286.7534	67.5
0.407	286.7534	67.5
0.408	286.7534	67.5
0.409	286.9506	68.5
0.41	286.9506	68.5
0.411	286.9506	68.5
0.412	286.9506	68.5
0.413	287.1368	69.5
0.414	287.1369	69.5
0.415	287.1369	69.5
0.416	287.1369	69.5
0.417	287.3124	70.5
0.418	287.3125	70.5
0.419	287.3125	70.5
0.42	287.4776	71.5
0.421	287.4776	71.5
0.422	287.4776	71.5
0.423	287.6326	72.5
0.424	287.7772	73.5
0.425	287.7777	73.5
0.426	288.1595	77.5
0.427	288.7936	89.5
0.428	288.8971	89.5
0.429	288.9106	89.5
0.43	288.9139	89.5

